1 2 1 4 1 2 1 8 1 2 1 4 1 2 1 16              16
1 2 1 4 1 2 1 8 1 2 1 4 1 2 1 32              32
1 2 1 4 1 2 1 8 1 2 1 4 1 2 1 16              48
1 2 1 4 1 2 1 8 1 2 1 4 1 2 1 64              64
1 2 1 4 1 2 1 8 1 2 1 4 1 2 1 16              80
1 2 1 4 1 2 1 8 1 2 1 4 1 2 1 32              96
1 2 1 4 1 2 1 8 1 2 1 4 1 2 1 16              112
1 2 1 4 1 2 1 8 1 2 1 4 1 2 1 128              128
1 2 1 4 1 2 1 8 1 2 1 4 1 2 1 16              144
1 2 1 4 1 2 1 8 1 2 1 4 1 2 1 32              160
1 2 1 4 1 2 1 8 1 2 1 4 1 2 1 16              176
1 2 1 4 1 2 1 8 1 2 1 4 1 2 1 64              192
1 2 1 4 1 2 1 8 1 2 1 4 1 2 1 16              208
1 2 1 4 1 2 1 8 1 2 1 4 1 2 1 32              224
1 2 1 4 1 2 1 8 1 2 1 4 1 2 1 16              240
1 2 1 4 1 2 1 8 1 2 1 4 1 2 1 256              256
1 2 1 4 1 2 1 8 1 2 1 4 1 2 1 16              272
1 2 1 4 1 2 1 8 1 2 1 4 1 2 1 32              288
1 2 1 4 1 2 1 8 1 2 1 4 1 2 1 16              304
1 2 1 4 1 2 1 8 1 2 1 4 1 2 1 64              320
1 2 1 4 1 2 1 8 1 2 1 4 1 2 1 16              336
1 2 1 4 1 2 1 8 1 2 1 4 1 2 1 32              352
1 2 1 4 1 2 1 8 1 2 1 4 1 2 1 16              368
1 2 1 4 1 2 1 8 1 2 1 4 1 2 1 128              384
1 2 1 4 1 2 1 8 1 2 1 4 1 2 1 16              400
1 2 1 4 1 2 1 8 1 2 1 4 1 2 1 32              416
1 2 1 4 1 2 1 8 1 2 1 4 1 2 1 16              432
1 2 1 4 1 2 1 8 1 2 1 4 1 2 1 64              448
1 2 1 4 1 2 1 8 1 2 1 4 1 2 1 16              464
1 2 1 4 1 2 1 8 1 2 1 4 1 2 1 32              480
1 2 1 4 1 2 1 8 1 2 1 4 1 2 1 16              496
1 2 1 4 1 2 1 8 1 2 1 4 1 2 1 512              512
