500613098
12669 38339 22957 53924 11411 46563 19922 5991 9655 64782 
718382568
307 24765 37432 39791 43453 23077 39824 52599 19789 47623 
968377075
35346 30283 56507 51095 65325 40074 17447 55058 24633 44381 
527544555
2 4 8 2 4 8 6 6 6 6
780469970
9933 27863 33889 49252 11075 32237 45858 9667 9279 45408 
648489379
4612 44773 57491 38145 11658 31147 33024 26581 37273 49535 
853727722
8063 54701 33883 27933 62215 36015 30914 55507 29890 64419 
645917358
37177 49893 26061 58336 65182 3310 12719 41074 12967 8083 
553862915
20583 18749 9193 54696 39336 16563 106 52837 13801 36255 
506983337
29787 44966 4843 13234 19029 15233 34903 10499 63113 60607 
